81.42458100558659
Folder1: 97.47474747474747
Folder2: 92.85714285714286
Folder3: 0.0
Total: 81.42458100558659