82.82122905027933
Folder1: 95.95959595959596
Folder2: 95.71428571428572
Folder3: 1.0204081632653061
Total: 82.82122905027933