79.32960893854748
Folder1: 87.87878787878788
Folder2: 92.85714285714286
Folder3: 4.081632653061225
Total: 79.32960893854748