80.8659217877095
Folder1: 95.95959595959596
Folder2: 92.61904761904762
Folder3: 0.0
Total: 80.8659217877095