81.84357541899442
Folder1: 92.42424242424242
Folder2: 95.71428571428572
Folder3: 1.0204081632653061
Total: 81.84357541899442