82.9608938547486
Folder1: 94.94949494949495
Folder2: 96.66666666666667
Folder3: 0.0
Total: 82.9608938547486
