82.26256983240224
Folder1: 97.47474747474747
Folder2: 94.28571428571428
Folder3: 0.0
Total: 82.26256983240224