84.21787709497207
Folder1: 95.95959595959596
Folder2: 98.33333333333333
Folder3: 0.0
Total: 84.21787709497207