84.35754189944134
Folder1: 97.47474747474747
Folder2: 97.61904761904762
Folder3: 1.0204081632653061
Total: 84.35754189944134