79.74860335195531
Folder1: 93.43434343434343
Folder2: 91.42857142857143
Folder3: 2.0408163265306123
Total: 79.74860335195531