38.96648044692738
Folder1: 27.27272727272727
Folder2: 40.476190476190474
Folder3: 56.12244897959183
Total: 38.96648044692738