84.07821229050279
Folder1: 94.94949494949495
Folder2: 97.61904761904762
Folder3: 4.081632653061225
Total: 84.07821229050279