59.77653631284916
Folder1: 61.111111111111114
Folder2: 66.19047619047619
Folder3: 29.591836734693878
Total: 59.77653631284916