13.687150837988828
Folder1: 0.0
Folder2: 0.0
Folder3: 100.0
Total: 13.687150837988828