38.96648044692738
Folder1: 25.252525252525253
Folder2: 39.285714285714285
Folder3: 65.3061224489796
Total: 38.96648044692738