83.5195530726257
Folder1: 95.95959595959596
Folder2: 96.9047619047619
Folder3: 1.0204081632653061
Total: 83.5195530726257