83.79888268156425
Folder1: 96.46464646464646
Folder2: 97.38095238095238
Folder3: 0.0
Total: 83.79888268156425