83.65921787709497
Folder1: 98.48484848484848
Folder2: 95.95238095238095
Folder3: 1.0204081632653061
Total: 83.65921787709497