83.24022346368714
Folder1: 95.45454545454545
Folder2: 96.66666666666667
Folder3: 1.0204081632653061
Total: 83.24022346368714