83.5195530726257
Folder1: 95.45454545454545
Folder2: 97.38095238095238
Folder3: 0.0
Total: 83.5195530726257