81.84357541899442
Folder1: 96.96969696969697
Folder2: 93.0952380952381
Folder3: 3.061224489795918
Total: 81.84357541899442