34.21787709497207
Folder1: 18.68686868686869
Folder2: 31.666666666666664
Folder3: 76.53061224489795
Total: 34.21787709497207