43.71508379888268
Folder1: 39.8989898989899
Folder2: 45.714285714285715
Folder3: 42.857142857142854
Total: 43.71508379888268