35.754189944134076
Folder1: 21.71717171717172
Folder2: 34.285714285714285
Folder3: 70.40816326530613
Total: 35.754189944134076