83.37988826815642
Folder1: 97.47474747474747
Folder2: 96.19047619047619
Folder3: 0.0
Total: 83.37988826815642