67.87709497206704
Folder1: 79.29292929292929
Folder2: 77.61904761904762
Folder3: 3.061224489795918
Total: 67.87709497206704