47.3463687150838
Folder1: 42.92929292929293
Folder2: 52.61904761904762
Folder3: 33.6734693877551
Total: 47.3463687150838