83.5195530726257
Folder1: 97.47474747474747
Folder2: 95.95238095238095
Folder3: 2.0408163265306123
Total: 83.5195530726257