83.37988826815642
Folder1: 95.95959595959596
Folder2: 96.19047619047619
Folder3: 3.061224489795918
Total: 83.37988826815642