31.98324022346369
Folder1: 14.646464646464647
Folder2: 28.809523809523807
Folder3: 80.61224489795919
Total: 31.98324022346369