26.256983240223462
Folder1: 9.090909090909092
Folder2: 20.952380952380953
Folder3: 83.6734693877551
Total: 26.256983240223462