65.08379888268156
Folder1: 71.21212121212122
Folder2: 73.09523809523809
Folder3: 18.367346938775512
Total: 65.08379888268156