84.07821229050279
Folder1: 97.47474747474747
Folder2: 95.95238095238095
Folder3: 6.122448979591836
Total: 84.07821229050279