83.37988826815642
Folder1: 98.48484848484848
Folder2: 95.71428571428572
Folder3: 0.0
Total: 83.37988826815642