82.68156424581005
Folder1: 98.98989898989899
Folder2: 94.04761904761905
Folder3: 1.0204081632653061
Total: 82.68156424581005