85.05586592178771
Folder1: 98.48484848484848
Folder2: 98.57142857142858
Folder3: 0.0
Total: 85.05586592178771