84.63687150837988
Folder1: 97.97979797979798
Folder2: 97.85714285714285
Folder3: 1.0204081632653061
Total: 84.63687150837988