82.68156424581005
Folder1: 97.97979797979798
Folder2: 94.52380952380952
Folder3: 1.0204081632653061
Total: 82.68156424581005