85.89385474860335
Folder1: 99.4949494949495
Folder2: 99.52380952380952
Folder3: 0.0
Total: 85.89385474860335