84.77653631284916
Folder1: 98.98989898989899
Folder2: 97.38095238095238
Folder3: 2.0408163265306123
Total: 84.77653631284916