83.37988826815642
Folder1: 96.96969696969697
Folder2: 96.19047619047619
Folder3: 1.0204081632653061
Total: 83.37988826815642