86.1731843575419
Folder1: 99.4949494949495
Folder2: 100.0
Folder3: 0.0
Total: 86.1731843575419