86.31284916201118
Folder1: 100.0
Folder2: 100.0
Folder3: 0.0
Total: 86.31284916201118