82.12290502793296
Folder1: 94.94949494949495
Folder2: 94.76190476190476
Folder3: 2.0408163265306123
Total: 82.12290502793296