83.93854748603351
Folder1: 96.96969696969697
Folder2: 97.14285714285714
Folder3: 1.0204081632653061
Total: 83.93854748603351