82.68156424581005
Folder1: 98.48484848484848
Folder2: 94.52380952380952
Folder3: 0.0
Total: 82.68156424581005