83.24022346368714
Folder1: 95.95959595959596
Folder2: 96.19047619047619
Folder3: 2.0408163265306123
Total: 83.24022346368714