83.10055865921787
Folder1: 98.48484848484848
Folder2: 95.23809523809523
Folder3: 0.0
Total: 83.10055865921787