82.96089385474859
Folder1: 97.47474747474747
Folder2: 95.23809523809523
Folder3: 1.0204081632653061
Total: 82.96089385474859