82.54189944134079
Folder1: 97.47474747474747
Folder2: 94.76190476190476
Folder3: 0.0
Total: 82.54189944134079