82.68156424581005
Folder1: 98.98989898989899
Folder2: 94.28571428571428
Folder3: 0.0
Total: 82.68156424581005