82.40223463687151
Folder1: 94.94949494949495
Folder2: 95.71428571428572
Folder3: 0.0
Total: 82.40223463687151