82.82122905027933
Folder1: 98.98989898989899
Folder2: 94.52380952380952
Folder3: 0.0
Total: 82.82122905027933