82.40223463687151
Folder1: 97.97979797979798
Folder2: 94.28571428571428
Folder3: 0.0
Total: 82.40223463687151