82.54189944134079
Folder1: 95.45454545454545
Folder2: 95.47619047619048
Folder3: 1.0204081632653061
Total: 82.54189944134079