81.42458100558659
Folder1: 95.45454545454545
Folder2: 93.80952380952381
Folder3: 0.0
Total: 81.42458100558659