82.82122905027933
Folder1: 96.46464646464646
Folder2: 95.47619047619048
Folder3: 1.0204081632653061
Total: 82.82122905027933