82.12290502793296
Folder1: 95.45454545454545
Folder2: 94.76190476190476
Folder3: 1.0204081632653061
Total: 82.12290502793296