82.68156424581005
Folder1: 97.97979797979798
Folder2: 94.76190476190476
Folder3: 0.0
Total: 82.68156424581005