82.54189944134079
Folder1: 97.97979797979798
Folder2: 94.52380952380952
Folder3: 0.0
Total: 82.54189944134079