82.9608938547486
Folder1: 95.95959595959596
Folder2: 96.19047619047619
Folder3: 0.0
Total: 82.9608938547486