83.5195530726257
Folder1: 97.97979797979798
Folder2: 96.19047619047619
Folder3: 0.0
Total: 83.5195530726257