82.40223463687151
Folder1: 96.46464646464646
Folder2: 95.0
Folder3: 0.0
Total: 82.40223463687151