83.24022346368714
Folder1: 96.96969696969697
Folder2: 96.19047619047619
Folder3: 0.0
Total: 83.24022346368714