82.54189944134077
Folder1: 95.95959595959596
Folder2: 95.23809523809523
Folder3: 1.0204081632653061
Total: 82.54189944134077