82.68156424581005
Folder1: 96.96969696969697
Folder2: 95.23809523809523
Folder3: 0.0
Total: 82.68156424581005