82.9608938547486
Folder1: 98.98989898989899
Folder2: 94.76190476190476
Folder3: 0.0
Total: 82.9608938547486