34.07821229050279
Folder1: 21.71717171717172
Folder2: 30.238095238095237
Folder3: 75.51020408163265
Total: 34.07821229050279