83.93854748603351
Folder1: 97.97979797979798
Folder2: 96.66666666666667
Folder3: 1.0204081632653061
Total: 83.93854748603351