85.05586592178771
Folder1: 98.98989898989899
Folder2: 98.33333333333333
Folder3: 0.0
Total: 85.05586592178771