84.4972067039106
Folder1: 96.96969696969697
Folder2: 97.85714285714285
Folder3: 2.0408163265306123
Total: 84.4972067039106