31.98324022346369
Folder1: 20.2020202020202
Folder2: 27.142857142857142
Folder3: 76.53061224489795
Total: 31.98324022346369