67.87709497206704
Folder1: 79.29292929292929
Folder2: 75.95238095238095
Folder3: 10.204081632653061
Total: 67.87709497206704