81.00558659217877
Folder1: 90.9090909090909
Folder2: 94.04761904761905
Folder3: 5.1020408163265305
Total: 81.00558659217877