43.29608938547486
Folder1: 47.97979797979798
Folder2: 38.333333333333336
Folder3: 55.10204081632652
Total: 43.29608938547486