18.854748603351954
Folder1: 13.131313131313133
Folder2: 6.904761904761905
Folder3: 81.63265306122449
Total: 18.854748603351954