15.64245810055866
Folder1: 5.05050505050505
Folder2: 2.619047619047619
Folder3: 92.85714285714286
Total: 15.64245810055866