82.82122905027931
Folder1: 96.46464646464646
Folder2: 95.23809523809523
Folder3: 2.0408163265306123
Total: 82.82122905027931