83.5195530726257
Folder1: 97.47474747474747
Folder2: 96.19047619047619
Folder3: 1.0204081632653061
Total: 83.5195530726257